------------------------------  [ Task Scheduler ]
----------------------------------------------------------------------
|  ID  | Latency (ms) | Speed (GFLOPS) | Trials |
-------------------------------------------------
|    0 |        0.034 |        1359.80 |    128 |
|    1 |        0.036 |         483.42 |    128 |
|    2 |        0.027 |         985.62 |    128 |                                                                                                                            |    3 |        0.063 |        1368.33 |    192 |                                                                                                                            |    4 |        0.071 |         181.17 |    192 |                                                                                                                            |    5 |        0.025 |        1208.87 |     64 |                                                                                                                            |    6 |        0.024 |        1932.90 |    192 |
|    7 |        0.042 |         462.39 |    128 |
|    8 |        0.029 |        1528.64 |    128 |
|    9 |        0.029 |         167.02 |    128 |
|   10 |        0.012 |        1203.71 |     64 |                                                                                                                            |   11 |        0.013 |        1619.50 |    128 |
|   12 |        0.014 |         455.05 |    128 |                                                                                                                            |   13 |        0.013 |        1556.10 |    128 |
|   14 |        0.011 |         143.61 |     64 |
|   15 |        0.011 |         871.92 |     64 |
|   16 |        0.012 |        1665.20 |    128 |
|   17 |        0.008 |         405.13 |    128 |
|   18 |        0.015 |        1272.23 |    128 |
|   19 |        0.024 |        1254.18 |    128 |
|   20 |        0.020 |        2285.81 |    192 |
|   21 |        0.009 |         515.22 |    128 |                                                                                                                   [60/18
|   22 |        0.027 |        1623.70 |    192 |
|   23 |        0.009 |         140.01 |     64 |
|   24 |        0.024 |         758.03 |     64 |
|   25 |        0.016 |        1939.82 |    128 |
|   26 |        0.007 |         271.16 |    128 |
|   27 |        0.030 |        1037.71 |    192 |
|   28 |        0.050 |        1233.82 |    128 |
|   29 |        0.042 |        1957.74 |    128 |
|   30 |        0.038 |         854.31 |    128 |
|   31 |        0.009 |        1122.67 |     64 |
|   32 |        0.003 |         269.71 |     64 |
|   33 |        0.010 |        1322.44 |    192 |
|   34 |        0.015 |         899.15 |     64 |
|   35 |        0.006 |         589.35 |    128 |
|   36 |        0.018 |        2875.66 |    320 |
|   37 |        0.011 |         921.34 |     64 |
|   38 |        0.007 |         342.12 |     64 |
|   39 |        0.004 |          63.94 |     64 |
|   40 |        0.005 |         631.95 |    128 |
|   41 |        0.003 |         182.64 |     64 |
|   42 |        0.003 |          19.75 |     64 |
|   43 |        0.003 |         304.45 |    128 |
|   44 |        0.002 |          30.05 |     64 |
|   45 |        0.002 |          68.14 |     64 |
|   46 |        0.002 |          10.87 |     64 |
|   47 |        0.003 |          87.57 |     64 |
|   48 |        0.002 |          11.65 |     64 |
|   49 |        0.002 |          22.67 |     64 |
|   50 |        0.068 |        3280.24 |    192 |
|   51 |        0.023 |        2452.75 |     64 |
|   52 |        0.013 |        1103.90 |     64 |
|   53 |        0.005 |         664.14 |     64 |
|   54 |        0.004 |         334.36 |     64 |
|   55 |        0.001 |           0.00 |     64 |
|   56 |        0.001 |           0.00 |     64 |
|   57 |        0.001 |           0.17 |     64 |
-------------------------------------------------
Estimated total latency: 1.591 ms       Trials: 6026    Used time : 11103 s     Next ID: 28
